2.3635899232059265
3.8388457479645375
2.2120847828641996
2.4068488203170606
2.6112912132965995
3.1465092631711853
2.1998903877982414
3.296398263773664
2.5919490862380914
3.789812161444422
3.8638439577428203
2.933174680236238
3.9596596404808015
3.5011070935716653
3.1814272936279173
2.4352506161663117
3.230966644926157
2.5365310755164323
3.207517390701499
2.1919490789040585
2.2696866780489025
2.602713445879001
3.618224893212062
2.4439961706787727
2.225982085560334
2.410841349429516
3.1159827421495727
2.9512153655848588
2.210345684937794
3.5115018304281764
2.514287674349112
2.527894323668703
2.5982101518044143
3.2183281441166747
2.3240552608244744
2.7940449748914995
3.4099727197819214
3.408015979505768
2.8650812342918677
3.316394895137269
2.7609850656278674
3.6001876328708597
3.515330826670599
3.902621894800531
3.0398404447986422
3.0258517158097247
3.7600196382010456
3.9316759437456232
2.08440064232634
2.3200073375045145
3.6647902555759932
3.5944441419493534
2.604637533674462
3.4016017301565404
3.728303645438617
3.6242703954707705
2.839651486271977
3.3546715666337663
3.5152503937633464
2.803175088087441
3.7967015026102198
2.091211918496665
2.8109982801920235
3.831843279258125
3.657145349277899
2.973506432856641
3.535841105907469
3.332315107724093
3.548088964759094
2.678123222926151
3.436183357287828
3.5427047955138518
3.2576890850183293
3.9749595766536565
2.7517414439868606
2.3028889032653073
3.997294173536032
2.147608888402993
2.8161038804742464
2.1370466770234278
3.4673361552930078
2.769077138725482
2.0033835871304904
2.14974355235128
2.8128631592795283
3.6625270080086945
3.2816061587010488
2.0796586012654545
3.287394852518865
2.2434336563219635
3.026394261753217
3.8233062606782036
2.1436229080054847
3.097901449820884
2.6847121278050623
2.0013740815812464
3.799471451678401
3.2451147452300155
3.374025189266729
2.711398805216052
2.293530324076933
2.2972781398165045
2.423119411433384
2.5142180338285858
3.032250025371762
2.632490227501641
2.195467131829851
2.8030018526011515
3.912796509374769
2.701961452420434
2.742449493939287
2.2672114509784227
2.538542555664251
2.9807827190828116
3.680438812501382
3.634166526658322
3.0759676711109583
3.751215701580798
2.5334609989123678
2.2832601761965767
2.8991084288210516
2.067960159433188
3.76808019352437
2.3221948592803106
3.659133037626806
2.1199177941772946
3.4216179249195835
3.177067388805254
2.0701928634630518
3.3588986837029093
3.727763372896179
2.542877172794438
2.1965688793688805
3.371675179320423
2.8743574411651784
2.334357997276247
2.3132573946887263
3.0154977880983354
3.552910926210272
2.6363278646390467
3.9553014002606615
2.120230862429314
3.119413171200738
2.424725299061248
2.501529822386281
2.940484072780044
3.7747902116773844
3.267045874509801
3.8319269464471777
2.373853105985984
2.3976623131541093
3.5366824535845485
3.823284643517631
3.9165379612458056
2.6234483490723797
2.5518406542979264
2.1258644064962735
2.2124677481561053
2.2427106530786984
3.5944509268096017
2.6534320280151507
2.9803511990177585
3.5909467466781457
2.824368834357409
2.2830980611253144
2.4671757831611716
2.3041672740787393
2.9487341379195544
2.133532028975308
3.4120823424876114
2.8334611913387864
2.5756427356806055
2.8891493470741265
3.8042807815048585
2.878461248111344
3.3470994549091415
2.5868707940546827
3.2364258642842922
2.2747715101051913
2.2324690422575806
3.8344112087738402
2.332492583938836
2.813395984524832
3.046917324270197
2.339038374138687
3.549547760196739
2.4429536668471044
2.04942765734606
2.3528928817934593
3.5681418210585516
3.239206908652969
3.6836832240896062
3.2229629428155198
2.2783793916139934
3.680940853263255
3.3446334996714406
3.0321971056372585
2.0070101547447043
3.0162426133090525
3.751304767433374
3.7289658584274292
3.4295196767788845
2.2318313353426618
3.0356341347784346
2.692510077755035
2.571779088301244
2.523841569406009
2.10237389477585
2.0362223048179837
3.170850431396851
2.1535302590079013
2.0870410995366337
2.7668237099659385
2.3857634759345077
3.4000224629165876
2.440427747027284
2.5778334935299965
2.9778110029271847
3.4702109219179724
2.4368894478781415
2.4708617413827394
2.9963267299476435
2.276091052657555
2.5293197133899215
2.994104385320639
3.4726765285952297
2.667504883126691
3.7184264727249072
2.0866510962535654
3.7646872362387365
2.7554247246543997
3.5871451844656717
2.8571113577578524
2.4411662126099545
2.89115870976854
2.5649989270054863
3.845587266244178
3.1732303650582394
2.1866463183767655
3.5559877029780367
3.081479083527603
3.2827662236557633
2.1214393787081507
2.3962703444494045
2.900446053577574
3.709518707574494
2.4086933865632068
2.509921867896712
2.7993535218292402
2.3936961767466554
2.8114277206269556
2.3301222575494815
2.0553542034352197
3.9909171711922595
2.216022605869546
2.3444601459842924
3.4977958970576823
2.5187576868422243
2.54412850584686
2.569036587278049
3.1133988382005757
3.898739948369908
3.2124097379429806
3.7628748158545378
2.875239602449622
2.887070046330792
3.2380326527756713
2.711285052915917
3.397633003817364
2.261706276947075
2.4518374307231365
2.7757271808325807
2.793967435367458
3.5910151204146454
2.8739020273974285
3.3841722378488086
2.543987204792013
2.6532954519088063
3.759522054038161
2.583793807655655
2.980338586592093
2.1900528014895606
3.2461144473860273
3.663181216595137
3.385426831450915
2.3602360977496772
2.1401184818269767
3.637945103458022
2.8685305545677715
2.706589423527788
2.2702387868888705
2.7869994488248597
2.2431373260427616
2.3522507236903123
3.464968934426574
3.603840676065155
2.5866091546847136
2.00768712235816
3.154802232707218
2.128286225631112
2.8093297087587206
2.318143235482921
3.100828712381336
3.243679313031011
3.629695817393068
2.6886687899114676
3.995107754946671
3.7394848478612834
2.2011900184149695
3.4147594141577464
3.4315702977642344
3.554212107683898
3.3265653697250643
3.987362765518398
3.371408740035039
3.520049954631393
2.5008966929023693
3.647451048959235
2.6919506764510714
3.4755733896518923
3.480608933358232
3.129346733799509
2.984770666470452
3.5450859811425888
2.603576962940204
3.29818940040884
2.0627611893102866
3.781669980104482
3.4983728845513995
3.419718615897758
3.9934854010145164
3.68037212309402
3.091502872744883
3.019478053266832
3.64725290046331
3.459338726393405
2.757808171445639
2.614717970569378
2.5897336245998765
2.130550746661843
3.0807224065592735
2.5358092630235447
3.1055095261821513
3.077647877446754
2.8204865220009046
2.457999851528173
3.785470326235808
3.3150604852866943
2.345956475633952
2.119046116173479
3.9288279305814244
2.8691253520032047
3.0307978448266506
3.121846792916179
3.365283713740544
2.7780377982657933
2.148365323175585
2.0954357591301838
2.399025965395282
2.777189609072263
2.5519225706500186
3.1389062608273823
3.3295174138882975
2.958983711593733
2.109019576274732
2.666053940452346
3.893315046428266
3.425958532291551
3.2538815063565156
3.7854502168647093
3.1051103261904576
3.373369232222215
3.7711269502800002
2.4352937204825764
2.8016315478993716
2.4642035459265172
2.1618905377229423
2.7207597235227077
2.0234087997506878
3.700788267392407
3.7773026060902
3.034452464215959
3.6424161548619027
3.2140547935261683
2.4661384940144817
2.781522372747028
3.3775205454839408
2.2547480978699697
3.9590677983104365
2.0661659511663943
3.7294235490572856
2.302472003715754
3.8827936898224698
2.4559221015003057
3.3581368084222283
3.870990190998026
2.4013055877521854
2.6880183190295464
3.386239942924202
2.0429477647227356